000001011
000000000
111001001
111110001



110110011
000110111
000001111
111011110



000011011
111011100
110110111
111011011



111111100
111101101
000100111
111110100



000001010
000000100
000101010
111101100



101010010
111101000
000001001
000111011



000101000
000110010
101111001
110111000



001001100
110010110
001001100
110011111



000001111
111110111
000110111
111100101



000110001
111110100
111100100
110111111



000010000
000100000
111101000
000111101



000111000
000010001
000110100
111110111



000011100
111110110
111110101
000000011



101110111
001000010
111001000
001000100



111100101
000011000
111011010
000010101



110100111
000001001
111100010
111000010



