111111010
000011010
111100100
111110011



111100100
111101001
111010100
111110000



111110010
000110000
001011000
111101110



110110011
111111101
000010011
000001110



000110110
111111110
001000010
110110100



101100110
000110011
101100101
001001011



111011001
001001001
001000001
111101111



000010101
000001111
000110010
110101010



111011101
111110010
111100100
110111110



111110011
111110011
110110011
110010000



001110110
000100000
000100110
001111010



000000010
110110111
111100001
110101001



110110110
000100000
000100000
111100000



000001111
111010000
000110110
111011101



000010110
000011000
000101101
110111110



111111011
111101111
110101110
111011001



