000100111
111101100
111101000
111111110



111001000
111110111
111011100
111111000



111111110
000101001
111011110
111001000



111110000
111111000
111010100
110111111



111111000
000001110
000100110
111101101



111101011
111100001
000001011
001001101



111110001
000110000
000010000
000001101



000000011
111101101
111101011
111101110



000011110
000110010
000111111
000100000



000000101
111000000
111111111
000100011



000011111
111100001
000000111
000001011



111111111
111011000
111010110
111101010



000010001
111111111
000001100
000000010



111001111
000011101
111110111
111101111



111100010
111101111
111111010
111111111



000010100
000011011
000110011
000100011



