111100111
110010010
111010011
000010000



000010101
110101110
111101101
110110100



000001110
000010100
000000010
001010010



000000001
111010011
000101011
000001011



111001100
110101001
111111011
000000010



111001111
111011100
000010001
111111110



111011100
000110011
111001100
111011111



000000111
000001110
000000110
000100010



111111000
000010010
111101111
110111010



000010101
110100101
111100001
000111011



111010011
000011110
110111001
111110101



000010111
111101101
000000111
111011111



111001001
001000011
000001110
000010111



111110101
111000110
111000001
110011010



000101011
000101001
111111111
000111110



111111101
111000111
111101110
000011000



