000101101
111111011
001000101
000100100



000001010
111110000
111101100
000001111



111011010
111110000
000010111
000110110



000110010
111011010
111111010
000001111



000001100
000101100
000010100
111110111



111010001
111011101
000111010
000100010



111001101
000111001
110110011
101110110



110011111
000011100
000111000
000101010



000011011
000010010
110110111
000011111



000000010
111101111
111100010
000000100



111100011
111100110
000011011
111110000



000110101
000110010
000000111
000110110



111001101
111101101
000000100
000100001



111001010
000000001
111001010
000000100



111010000
111111100
001000010
111101111



111000111
111011000
111100111
111010101



