000101010
111011001
110110111
110110001



111100111
000001111
111101100
110100010



000011101
000101101
111101010
000001100



111111010
000001000
000100101
111011111



111111001
000000001
111001101
000000100



111011001
110110010
111100011
000010100



000111000
000001011
000110000
111111111



111100001
000001100
111010100
000000011



001001000
000100110
000110011
000110111



000011111
111000001
111110101
000110111



000100001
111111011
111110001
111100011



111001100
111100100
111010000
111111011



111110001
000010011
000001111
000001001



111110110
111110111
111100001
111110100



111111101
000000011
111110111
111100110



001000000
000011001
001001101
000110101



