111001000
111001101
111000110
111001100



000101010
001001110
111111110
100001110



000101100
000010101
101011000
000010011



111010101
111110001
001100111
111101000



000100110
111111000
111110011
000100001



110000000
110101101
110111101
111000001



000110111
111100110
110100111
111110101



000001010
111111110
000000110
111111010



000001110
111111000
111110011
111100100



000100010
110111101
111110001
001001000



001000101
000011001
000001101
000001101



000001110
000010111
000101111
000001011



110111010
000111111
110111100
111001001



111101001
000011111
111100110
111001111



000000110
000110000
111110101
111001010



111001000
111100001
000101110
000001000



