001001111
000110001
000110110
001101111



000000001
000111011
000101100
000001111



111100011
000010100
111011100
000011000



111110111
111110101
000000111
000010000



000100011
000001010
000100101
000010010



000000001
111101010
000110011
001010000



110010101
000011001
110100101
110101111



000001010
110101011
000111100
111000111



111101000
110110110
000000010
111111010



000110110
111110111
111101010
111011001



000100110
111111011
111011010
111111000



000100110
000110011
000110010
001001000



111100100
000011010
110111111
000010110



111100100
000100000
000100111
000011011



000111000
000010111
000111101
111001000



110000001
000011110
111001011
111111100



