111001101
111011100
000000110
000011101
000100100
001010000
000100101
000010010
111101100
000000010
111011011
001010010
111000111
000111000
111101101
111010100
111010101
000000101
111111100
111111111
000111010
111010100
000000001
111011111
000000001
000101010
000011110
000000001
001000110
000010101
000000010
000001000
110011110
000001010
000100011
000010011
111101101
111011110
000010110
111110011
111100001
111110001
000000001
111110110
000100101
000100101
000010101
000000010
111011100
000100001
111101011
000110110
000001011
111001000
000101010
111111001
000001100
000010001
000010001
111111000
111110100
111111001
111010100
000100001



101010100
000001001
111011010
000000111
000111111
111001011
111001101
110101100
000000011
000001111
000000101
001011001
000100101
111000001
111101101
111011100
111100111
111011011
000111111
000101000
000001110
111000110
000100100
110101001
000000110
111000011
000111100
000111001
000010101
000100001
111100011
111000001
111111010
110111010
000000111
111110111
000000110
111010001
111111010
000001010
111110000
000010010
000000000
111101011
111110101
110111111
111111010
111111001
000010111
000001011
111101110
000001100
111111100
111000011
000010100
111100011
111111111
000010000
111101001
000011000
000010101
111011000
000001010
000101101



110100111
111110100
111110010
001000011
000011010
111101111
111010100
000011000
000010000
111011111
111111000
111110001
111111100
000000110
000000101
000000101
111111100
111101000
000000010
000001011
000010010
110011010
000010101
110111110
111110111
000110100
000001001
111111001
111100000
000010010
000011011
000100001
000101011
000110011
110100110
111101111
000011000
111011110
111001110
000001000
000000111
000010000
000001000
000011111
111001100
111001110
111101101
000011111
000000110
000001110
000001011
111111110
111101110
111101011
000100111
000001011
111110010
111110010
000001111
111101001
111111100
111100010
000000111
110111000



000111001
000011010
111111101
000111110
000001011
110000001
000001001
111111000
111010001
111111100
000001101
111101010
000001010
111011000
000011100
000011100
111101110
111100100
111101100
111110101
111101100
110000001
111101100
001101110
111100101
001001010
001000011
111110111
001000011
000001000
000000010
111110111
111101001
000011110
000010101
111001010
000000001
000010000
000001011
000000101
111111001
000001110
111001101
111101011
111011101
111101111
000000001
000100001
000000100
111110100
000100101
000110001
000011001
000001011
111100100
111111001
000011010
111100000
000101111
000000101
000000111
000000000
111111001
111100001



111110000
110101111
000001110
111001001
000001100
000011000
111111000
101100111
000100101
000100111
111111111
111001101
000000010
111010111
111100000
000010011
000011111
110111101
000100001
101101101
111011000
000100110
111101110
000001010
111101010
111101001
110011011
111101101
111100000
000011001
111111101
111111010
111110011
111111011
111101000
000011011
111101100
111110111
000010100
111111101
000011010
111011101
000101011
000001110
111100010
111101010
000010010
111001100
000101111
110011100
111101111
111000111
000001100
000110001
110101110
111111101
111111111
000011100
111110001
000001111
111110010
000010011
000001011
111010111



111101001
111110010
111101001
000000010
000001000
111101101
000011110
111010000
111111111
000010000
000010110
111010100
111100111
001000010
000100110
000000001
000001010
111000100
111010111
110000101
111101101
000001110
000011001
000111000
110111110
000011010
000010010
111110011
110111111
111000110
111101101
000101100
111011110
111011000
000010101
111101111
000010001
000100000
111101011
000011100
000001110
000100010
000010001
111110101
111111101
111110100
111011100
000101011
000011101
111100101
111010110
111110101
111101011
000000110
111101100
000010001
111110100
000101100
111110010
111110010
000010101
110100010
000011110
111100101



111110111
110111100
000101000
111000110
000000011
110101011
000000110
000001001
000001110
111011010
111100101
000010010
000100100
111101001
000100001
111110111
111100110
000100101
110111010
000101111
000001010
111111111
111100011
001000000
000110101
101101011
000100001
000010110
111011101
111111111
111001101
101011010
111111010
111101000
000010001
000000111
000001100
111010001
111101110
000001110
000100000
000101001
000000011
000000011
000100000
111010101
111001011
000101010
111010101
111111010
000100010
000001010
000011101
000000011
110101000
111101100
111101000
000001001
000000011
000000101
000100001
111101111
000110101
111100010



111110010
000011000
000011000
111110110
110110010
111100100
000001100
111111110
111111111
111010100
000010101
111010110
000001000
000010001
000001011
111110110
111101010
001010110
111011001
000010000
111100001
000100101
000111000
000011100
000110011
000000111
111000110
111101010
111100001
000100011
110100010
110101110
111111000
000101011
111101110
111101001
111111111
000111110
000011010
000001111
000101000
000000001
000010100
000001100
111010111
111101010
111101110
000000100
111111000
000000011
001001001
000001110
111101101
000100110
111000100
111111010
110110111
000010000
000000110
111110001
000011100
111011101
000010011
000000010



000110010
111110010
000000111
111101101
000000011
000000010
110100011
000110011
000001011
000011001
111101110
000000110
000111000
000010010
111101100
000011010
111011011
111110111
000110010
001000101
111110010
111111011
111110111
111111111
111010110
000101010
000000110
111011011
111110101
111010101
000111000
111111101
001000010
111000100
000000000
111111101
000000100
111001011
000001110
111110000
111101111
000011111
000010100
111011010
001000111
110110101
000011100
111110111
000001111
001010000
110111011
000011111
000011000
111101101
001000000
000100001
000000110
000000011
111101010
111111110
111100011
000001010
110100110
110101100



000010011
000111100
111110110
111011101
111011110
111000010
000000000
110100101
111101000
111110101
111111011
000001010
000010000
111101100
000010111
111001010
000100000
000010110
111111001
110101101
111101001
000100101
111010101
110011111
101111111
111010010
111100101
000101001
111101011
111100101
000000001
110110011
000001011
000000010
000000111
000100111
000000101
111111001
111101101
000010010
111100010
110111011
000011111
000010011
111011110
000101011
000000010
111100110
000010100
000111000
111001001
111011010
000010100
000001011
110010000
111111110
111010110
000000111
111101001
111111000
000000011
111110010
000100101
111011001



001011010
000100011
000000100
111110011
000000110
000101110
111000001
000000000
111100110
111110011
000000110
000010100
111111100
000110101
000001111
111101100
111010111
000100011
111110101
000101001
110110100
000011010
111110010
111100001
000011000
000101011
111100000
000010001
000001101
000100011
000111101
000011110
001000101
000110011
000010101
111110000
111101100
111011000
000000011
111011101
000001111
111011111
111100111
111101010
000101111
111101001
000001000
000011110
000000000
000110010
111110010
111000100
111101011
000001101
000010001
000010011
000011100
111111111
111110101
111110010
111110110
000010011
111111101
000100010



001000010
000111100
000000010
000000111
000011011
111110001
000001000
110110011
000011010
111110100
111111000
000001011
000000111
111111001
000110011
000101110
000011110
000010110
000100010
110101101
111010111
110111111
111111000
000011101
000001110
110110011
000011001
111011111
000001001
000001100
111111000
000001100
111110111
111010011
111010110
111110010
111111111
111011110
111010110
000010111
000010000
000010111
111101100
000100000
111111100
111101000
000000010
111101001
111111001
110000011
000100101
111111011
111011010
000000011
000000101
111101110
111110100
111101100
111111101
111100101
111100100
000001010
111010101
111110111



110101110
000001110
000010101
111001010
111110100
001000001
000110111
001011100
111100110
000100100
111111010
111001110
000000011
111011010
111111011
111101100
000000000
111111111
000010101
111001111
000010111
111111111
111100011
111110010
111101110
111010011
111100000
111101010
000011000
111111011
111101110
000111000
000101001
000001000
000000000
000101011
000001101
000001000
000001011
111101110
111100110
111010011
000000100
000001101
000101011
000101100
111100010
000010011
000001000
000010000
111100100
110001011
000001011
000001011
111101011
000010001
000010001
111011110
111110000
000000010
111110011
000001101
000000011
111111011



111100010
000000000
000001101
111100001
111010101
000000111
001100101
110011011
111100101
111110011
111111001
110101011
000001110
111000100
111110100
111111100
000100101
110000100
111011010
111011011
111001101
000110100
111110100
111010110
000100010
101001010
110111100
000011101
111000111
111111000
111100111
000111101
000010010
000100111
000011101
000001001
000001010
000001001
000101001
000010011
111101100
111110011
000001000
000001100
000001101
000111100
111111110
000000011
111110110
000100110
101001101
110101001
111111010
001001000
110010111
000000110
111111010
111111010
111010100
111100110
000000010
000111111
111101000
001011001



111010001
000001100
000001001
000010110
000000001
000101011
000110100
000011100
111111111
000001100
111101100
000010001
000011001
110110000
111111011
111100010
000010101
000110011
000010000
000110111
000100111
000101001
000000100
000011010
111011110
111101001
000010101
111101101
000000001
111100000
000100001
111011001
111101101
111100011
000011101
111111110
000000101
111101100
000010110
111111100
111100101
111001011
000000111
111101000
000100101
000010110
000100101
111110101
111100000
111010101
111010100
000011101
111011011
111100010
000111110
000000111
111111011
111011010
111110000
000000010
000100011
000001000
111111111
000001010



111010111
111010101
000000100
000010000
111011011
101111101
110001010
000001101
111110101
111111000
000001100
000100110
111010111
111110010
111111110
111100110
111100000
000100101
000011011
111100000
000011000
110010100
000101000
111000111
000001010
111111100
111100101
000001001
111111110
111110010
111010000
111010000
000100011
111011000
000000011
111101111
000100000
111110010
111001100
000010001
000100001
111011001
000010010
000010001
110101101
110101101
001000000
111110100
000011010
110110110
000001101
111110110
000011110
000000010
000101101
000100010
111111001
000001110
000000001
000001000
111011011
110100010
111101011
111001011



