-51
-36
6
29
36
80
37
18
-20
2
-37
82
-57
56
-19
-44
-43
5
-4
-1
58
-44
1
-33
1
42
30
1
70
21
2
8
-98
10
35
19
-19
-34
22
-13
-31
-15
1
-10
37
37
21
2
-36
33
-21
54
11
-56
42
-7
12
17
17
-8
-12
-7
-44
33



-172
9
-38
7
63
-53
-51
-84
3
15
5
89
37
-63
-19
-36
-25
-37
63
40
14
-58
36
-87
6
-61
60
57
21
33
-29
-63
-6
-70
7
-9
6
-47
-6
10
-16
18
0
-21
-11
-65
-6
-7
23
11
-18
12
-4
-61
20
-29
-1
16
-23
24
21
-40
10
45



-89
-12
-14
67
26
-17
-44
24
16
-33
-8
-15
-4
6
5
5
-4
-24
2
11
18
-102
21
-66
-9
52
9
-7
-32
18
27
33
43
51
-90
-17
24
-34
-50
8
7
16
8
31
-52
-50
-19
31
6
14
11
-2
-18
-21
39
11
-14
-14
15
-23
-4
-30
7
-72



57
26
-3
62
11
-127
9
-8
-47
-4
13
-22
10
-40
28
28
-18
-28
-20
-11
-20
-127
-20
110
-27
74
67
-9
67
8
2
-9
-23
30
21
-54
1
16
11
5
-7
14
-51
-21
-35
-17
1
33
4
-12
37
49
25
11
-28
-7
26
-32
47
5
7
0
-7
-31



-16
-81
14
-55
12
24
-8
-153
37
39
-1
-51
2
-41
-32
19
31
-67
33
-147
-40
38
-18
10
-22
-23
-101
-19
-32
25
-3
-6
-13
-5
-24
27
-20
-9
20
-3
26
-35
43
14
-30
-22
18
-52
47
-100
-17
-57
12
49
-82
-3
-1
28
-15
15
-14
19
11
-41



-23
-14
-23
2
8
-19
30
-48
-1
16
22
-44
-25
66
38
1
10
-60
-41
-123
-19
14
25
56
-66
26
18
-13
-65
-58
-19
44
-34
-40
21
-17
17
32
-21
28
14
34
17
-11
-3
-12
-36
43
29
-27
-42
-11
-21
6
-20
17
-12
44
-14
-14
21
-94
30
-27



-9
-68
40
-58
3
-85
6
9
14
-38
-27
18
36
-23
33
-9
-26
37
-70
47
10
-1
-29
64
53
-149
33
22
-35
-1
-51
-166
-6
-24
17
7
12
-47
-18
14
32
41
3
3
32
-43
-53
42
-43
-6
34
10
29
3
-88
-20
-24
9
3
5
33
-17
53
-30



-14
24
24
-10
-78
-28
12
-2
-1
-44
21
-42
8
17
11
-10
-22
86
-39
16
-31
37
56
28
51
7
-58
-22
-31
35
-94
-82
-8
43
-18
-23
-1
62
26
15
40
1
20
12
-41
-22
-18
4
-8
3
73
14
-19
38
-60
-6
-73
16
6
-15
28
-35
19
2



50
-14
7
-19
3
2
-93
51
11
25
-18
6
56
18
-20
26
-37
-9
50
69
-14
-5
-9
-1
-42
42
6
-37
-11
-43
56
-3
66
-60
0
-3
4
-53
14
-16
-17
31
20
-38
71
-75
28
-9
15
80
-69
31
24
-19
64
33
6
3
-22
-2
-29
10
-90
-84



19
60
-10
-35
-34
-62
0
-91
-24
-11
-5
10
16
-20
23
-54
32
22
-7
-83
-23
37
-43
-97
-129
-46
-27
41
-21
-27
1
-77
11
2
7
39
5
-7
-19
18
-30
-69
31
19
-34
43
2
-26
20
56
-55
-38
20
11
-112
-2
-42
7
-23
-8
3
-14
37
-39



90
35
4
-13
6
46
-63
0
-26
-13
6
20
-4
53
15
-20
-41
35
-11
41
-76
26
-14
-31
24
43
-32
17
13
35
61
30
69
51
21
-16
-20
-40
3
-35
15
-33
-25
-22
47
-23
8
30
0
50
-14
-60
-21
13
17
19
28
-1
-11
-14
-10
19
-3
34



66
60
2
7
27
-15
8
-77
26
-12
-8
11
7
-7
51
46
30
22
34
-83
-41
-65
-8
29
14
-77
25
-33
9
12
-8
12
-9
-45
-42
-14
-1
-34
-42
23
16
23
-20
32
-4
-24
2
-23
-7
-125
37
-5
-38
3
5
-18
-12
-20
-3
-27
-28
10
-43
-9



-82
14
21
-54
-12
65
55
92
-26
36
-6
-50
3
-38
-5
-20
0
-1
21
-49
23
-1
-29
-14
-18
-45
-32
-22
24
-5
-18
56
41
8
0
43
13
8
11
-18
-26
-45
4
13
43
44
-30
19
8
16
-28
-117
11
11
-21
17
17
-34
-16
2
-13
13
3
-5



-30
0
13
-31
-43
7
101
-101
-27
-13
-7
-85
14
-60
-12
-4
37
-124
-38
-37
-51
52
-12
-42
34
-182
-68
29
-57
-8
-25
61
18
39
29
9
10
9
41
19
-20
-13
8
12
13
60
-2
3
-10
38
-179
-87
-6
72
-105
6
-6
-6
-44
-26
2
63
-24
89



-47
12
9
22
1
43
52
28
-1
12
-20
17
25
-80
-5
-30
21
51
16
55
39
41
4
26
-34
-23
21
-19
1
-32
33
-39
-19
-29
29
-2
5
-20
22
-4
-27
-53
7
-24
37
22
37
-11
-32
-43
-44
29
-37
-30
62
7
-5
-38
-16
2
35
8
-1
10



-41
-43
4
16
-37
-131
-118
13
-11
-8
12
38
-41
-14
-2
-26
-32
37
27
-32
24
-108
40
-57
10
-4
-27
9
-2
-14
-48
-48
35
-40
3
-17
32
-14
-52
17
33
-39
18
17
-83
-83
64
-12
26
-74
13
-10
30
2
45
34
-7
14
1
8
-37
-94
-21
-53



